object 0.000  3.464  2.000   1.35 1.35 1.35   1 0 0    0    1.0 1.0     255   0   0     150 150 150     255   0   0     0.8 0 0
object 0.000  0.000  4.000   1.10 1.10 1.10   1 0 0    0    1.0 1.0       0   0 255     150 150 150       0   0 255     0.8 0 0
object 0.000 -3.464  2.000   1.35 1.35 1.35   1 0 0    0    1.0 1.0     255   0   0     150 150 150     255   0   0     0.8 0 0
object 0.000 -3.464 -2.000   1.35 1.35 1.35   1 0 0    0    1.0 1.0     255   0   0     150 150 150     255   0   0     0.8 0 0
object 0.000  0.000 -4.000   1.35 1.35 1.35   1 0 0    0    1.0 1.0     255   0   0     150 150 150     255   0   0     0.8 0 0
object 0.000  3.464 -2.000   1.10 1.10 1.10   1 0 0    0    1.0 1.0       0   0 255     150 150 150       0   0 255     0.8 0 0
object 0.000 -7.268  3.236   1.10 1.10 1.10   1 0 0    0    1.0 1.0       0   0 255     150 150 150       0   0 255     0.8 0 0
object 0.000 -9.619  0.000   1.35 1.35 1.35   1 0 0    0    1.0 1.0     255   0   0     150 150 150     255   0   0     0.8 0 0
object 0.000 -7.268 -3.236   1.10 1.10 1.10   1 0 0    0    1.0 1.0       0   0 255     150 150 150       0   0 255     0.8 0 0
object 0.000  6.928  4.000   1.10 1.10 1.10   1 0 0    0    1.0 1.0       0 255   0     150 150 150       0 255   0     0.8 0 0
object 0.000  6.928 -4.000   1.35 1.35 1.35   1 0 0    0    1.0 1.0     255   0   0     150 150 150     255   0   0     0.8 0 0
object 0.000  0.000 -8.000   1.10 1.10 1.10   1 0 0    0    1.0 1.0       0 255   0     150 150 150       0 255   0     0.8 0 0
object 0.000  0.000  8.000   1.35 1.35 1.35   1 0 0    0    1.0 1.0     255   0   0     150 150 150     255   0   0     0.8 0 0
object 0.000 -8.500 -7.036   1.35 1.35 1.35   1 0 0    0    1.0 1.0     255   0   0     150 150 150     255   0   0     0.8 0 0
object 0.000 -13.62  0.000   1.00 1.00 1.00   1 0 0    0    1.0 1.0     255 255 255     150 150 150     255 255 255     0.8 0 0

object 0.000  3.464  0.000   0.50 0.50 2.00   1 0 0    0    1.0 0.1     255 255 255     255 255 255     255 255 255     0.8 0 0
object 0.000  1.732  3.000   0.50 0.50 2.00   1 0 0  -55    1.0 0.1     255 255 255     255 255 255     255 255 255     0.8 0 0
object 0.000 -1.732  3.000   0.50 0.50 2.00   1 0 0   55    1.0 0.1     255 255 255     255 255 255     255 255 255     0.8 0 0
object 0.000 -3.464  0.000   0.50 0.50 2.00   1 0 0    0    1.0 0.1     255 255 255     255 255 255     255 255 255     0.8 0 0
object 0.000  1.732 -3.000   0.50 0.50 2.00   1 0 0   55    1.0 0.1     255 255 255     255 255 255     255 255 255     0.8 0 0
object 0.000 -1.732 -3.000   0.50 0.50 2.00   1 0 0  -55    1.0 0.1     255 255 255     255 255 255     255 255 255     0.8 0 0
object 0.000 -5.365  2.618   0.50 0.50 2.00   1 0 0  -68    1.0 0.1     255 255 255     255 255 255     255 255 255     0.8 0 0
object 0.000 -5.365 -2.618   0.50 0.50 2.00   1 0 0   68    1.0 0.1     255 255 255     255 255 255     255 255 255     0.8 0 0
object 0.000 -8.443  1.618   0.50 0.50 2.00   1 0 0   35    1.0 0.1     255 255 255     255 255 255     255 255 255     0.8 0 0
object 0.000 -8.443 -1.618   0.50 0.50 2.00   1 0 0  -35    1.0 0.1     255 255 255     255 255 255     255 255 255     0.8 0 0
object 0.000  5.196  3.000   0.50 0.50 2.00   1 0 0   55    1.0 0.1     255 255 255     255 255 255     255 255 255     0.8 0 0 
object 0.000  5.196 -3.000   0.50 0.50 2.00   1 0 0  -55    1.0 0.1     255 255 255     255 255 255     255 255 255     0.8 0 0 
object 0.000  0.000  6.000   0.50 0.50 2.00   1 0 0    0    1.0 0.1     255 255 255     255 255 255     255 255 255     0.8 0 0
object 0.000  0.000 -6.000   0.50 0.50 2.00   1 0 0    0    1.0 0.1     255 255 255     255 255 255     255 255 255     0.8 0 0
object 0.000 -7.884 -5.201   0.50 0.50 2.00   1 0 0   15    1.0 0.1     255 255 255     255 255 255     255 255 255     0.8 0 0
object 0.000 -11.62  0.000   0.50 0.50 1.00   1 0 0   90    1.0 0.1     255 255 255     255 255 255     255 255 255     0.8 0 0

// Light sources
lights 0  15  0   0 140 125 0.005
lights 0 -15  0 140   0 125 0.005
lights 0   0 15 255 255 255 0.001

// Camera
camera 12 17 0   0 0 0   0 0 1  0.05  0.08  1920  1080
